15086
10591
913
2539
13667
7719
2486
5315
48
9552
14535
290
15085
27129
19938
29433
38923
601
3347
41134
18951
15468
3
27677
31408
17300
2066
39014
22917
20860
29222
4446
11846
4515
3148
13860
35336
8493
3697
7046
27884
18547
3027
3434
19032
506
6032
7178
12370
26812
5989
0
17592
21691
4046
13344
38468
9906
20
36057
3995
35446
32977
20643
72
2202
25374
5668
1862
9372
38961
33781
3119
39172
34285
46816
7106
52112
731
3628
19269
24
27998
20499
43369
24953
3118
6670
28907
1157
9943
31540
23968
4
14897
1145
13686
36248
29164
23560
536
354
12076
20003
1766
35674
2500
17578
33647
20
42377
10824
1469
57
31572
1611
23162
7533
958
733
44907
2598
5488
6999
8
33172
30993
39802
19841
204
9370
44570
621
6873
41869
26980
15044
43968
3429
23880
39196
28166
34303
30300
6665
22154
11897
1255
63
2747
6237
9440
4109
21996
7553
13012
8866
2180
233
5309
29519
20929
3045
37835
198
17915
37335
42744
31516
22411
30621
17206
8062
28915
43175
25288
36140
1674
9777
39788
23
33356
25634
40013
189
19
3214
1379
5842
29683
6466
17160
13103
6688
15052
9794
29234
24580
17703
19628
19308
16241
5351
13616
14244
716
20229
29579
479
6446
74
454
28311
32
24
17753
7203
15531
24
21131
4735
15182
813
13
16609
200
12066
3847
3233
3475
2780
7808
11831
31219
35275
1980
24341
3251
617
3646
2032
12815
2159
19959
6344
9786
39332
29493
23563
4259
4988
30
36525
28925
40960
35868
40568
10181
1419
11668
4336
47242
5887
35980
2547
1112
5774
335
403
28552
21358
21025
375
25413
28926
23572
3688
3522
22550
5477
17425
3384
20209
25786
7968
36750
11798
2845
28792
4477
27012
83
4369
29349
6479
8635
9977
11520
19186
13849
742
1206
8042
19601
45988
1864
14926
44661
4580
922
20
50
11486
35131
1442
18006
31465
12122
697
31738
2012
8312
10030
256
2484
18011
11252
10162
27800
13329
6535
15491
1690
1479
4192
23227
13077
839
35839
27239
56
33797
22928
11630
6955
8842
6577
26146
8672
33586
431
6219
164
34355
25095
415
11427
14770
57
19335
25318
6865
40878
11660
24428
6532
25211
3438
1424
4420
634
37044
79
2467
27661
24246
6074
22896
39412
12544
12095
11593
19159
7546
47378
372
139
5248
9297
3464
43065
32830
24941
8451
21537
566
13245
1139
19887
5438
26810
8737
15082
14063
40193
32292
1153
6759
17585
822
35964
18748
36989
5805
19688
11087
17968
20475
33254
30640
14268
13035
1255
20527
18
204
9268
3365
29337
29
1675
1010
24743
161
7995
34
10161
19756
8288
16287
4469
12359
37284
1476
210
345
237
43068
22801
31556
6182
16200
657
17234
19710
4708
13189
14682
19393
1081
11118
35158
2151
284
11958
1763
3512
2
1816
41654
1829
13128
17
3407
957
3210
513
40641
17326
22893
14
7417
37941
21859
30654
42356
3919
26492
18565
28479
24223
15479
13779
30052
20874
16134
26120
725
5014
12968
30877
21014
1172
17665
23649
37351
1274
22608
1027
42720
15773
21492
30387
2123
3867
11009
6046
1707
46255
9311
47453
39083
9115
218
