2500000000
23116120
444548733
496922938
96095831
92014630
255087753
254767981
541496444
462726685
40666995
429707945
460353725
23013803
86615147
521427658
16523753
269208810
297777130
309390133
492077198
126033673
168379379
205666056
82523176
256847004
270886976
44205126
358815482
132050599
157296346
82964340
362505646
40300475
467304842
181852598
166410966
152502229
111517411
405720422
33055144
343248294
361445718
251198665
171908194
221724274
443398465
117058574
386138261
1726767
1194713
531536838
63609713
122883017
94310966
14722956
192917002
43436915
357222786
21588687
6044720
139044444
58883
2270634
292040861
298684444
314131722
76254996
2572855
142782534
48142251
9150949
3482697
390191491
105991317
185204099
8798416
